2450602.011395759        -0.7468814968814972      1.2688495616026394       
2450602.9564701654       0.9291742913814063       1.191910317409655        
2450604.0017000004       -2.08                    1.7                      
2450604.96684172         -3.6431586236745295      1.3397947636321523       
2450605.9557421487       -3.8989005869502273      1.253738710137268        
2450606.996062846        -5.112076339168123       1.2976806234966463       
2450607.86098            -5.98                    1.75316856006489         
2450609.02068            -6.85                    1.860752535938081        
2450610.1148427622       -1.39782933972715        1.5120103296976721       
2450665.8355             -2.46                    1.552063143045411        
2450954.99624            1.12                     2.209886874932742        
2450981.87418            -0.5                     1.7088300090997934       
2450982.88569            -1.32                    1.595117550527233        
2450984.02388            -7.9                     1.75316856006489         
2451009.86528            -1.54                    1.7                      
2451011.84227            -0.14                    1.7265283084849783       
2451012.82292            1.06                     1.744276354251241        
2451013.82429            2.01                     1.517926216915697        
2451050.80938            4.67                     1.7265283084849783       
2451051.82196            -0.09                    1.76207264322445         
2451068.79946            -5.97                    1.517926216915697        
2451069.81397            -2.89                    1.5435025105259792       
2451070.8290529833       -2.2267487356933717      1.1674227875391092       
2451071.7998147868       -2.9705629891441556      1.2372449461621726       
2451072.790292001        -1.9018130868981964      1.2158022291337813       
2451073.8286605612       -3.413589775455371       1.1026796818675275       
2451074.775              -2.06                    1.517926216915697        
2451228.15524            -3.89                    1.75316856006489         
2451229.14388            -4.81                    1.744276354251241        
2451311.03688            -3.1700000000000004      2.3879907872519106       
2451312.0138899996       -4.509999999999999       2.6820887382784337       
2451313.04021            -6.21                    2.378570999570961        
2451341.0214700005       -1.0                     1.717672844286711        
2451341.9006099994       0.53                     1.595117550527233        
2451367.84914            1.15                     1.9332873557751316       
2451368.83909            7.65                     1.75316856006489         
2451370.00729            2.09                     1.735396208362805        
2451370.90907            0.049999999999999996     1.6124515496597098       
2451371.90501            -4.2                     1.8427153876819935       
2451409.85442            0.61                     1.5009663553857562       
2451410.8342             -0.06                    1.517926216915697        
2451411.84208            1.7500000000000002       1.7799157283422158       
2451438.73354            -2.25                    1.5864740779476987       
2451680.0656600003       -3.1700000000000004      2.4824383174612823       
2451702.98234            -3.29                    1.8427153876819935       
2451703.97018            -2.74                    1.75316856006489         
2451705.01536            -1.24                    1.8969449122207          
2451705.94735            -2.17                    1.76207264322445         
2452007.12157            -3.23                    1.869786084021378        
2452097.94112            -0.5                     1.969771560359221        
2452133.76779            7.27                     2.1447843714462302       
2452445.92377            -5.34                    1.9789138435010252       
2452537.79383            5.11                     2.0155644370746373       
2452777.11632            -2.4699999999999998      2.0339370688396436       
2452834.85156            -1.71                    2.0247468977627796       
2453072.13873            -3.64                    1.9060167890131503       
2453180.89628            1.29                     1.860752535938081        
2453181.89036            -2.02                    1.8067650649710938       
2453195.82664            2.7                      1.8337120820892248       
2453237.8910899996       4.98                     1.9150979087242512       
2453301.74204            1.79                     1.8517289218457436       
2453550.913390668        2.0836942159220353       1.2748241131340123       
2453602.8525162553       3.745359282746556        1.3305960422623515       
2453807.125605702        -4.964201750277582       1.2825065239994808       
2453926.958743071        -0.09924764128911726     1.4043083131539436       
2453933.850650442        -0.45567817693302826     1.3769803921979291       
2453934.819324927        5.2449440673999534       1.303254570685317        
2453960.899008412        3.2116352359550566       1.4186731728047708       
2453961.8590723216       1.8315899716942985       1.363947602021222        
2453962.7885001386       3.0161481130286365       1.3907411922821902       
2453963.832733796        2.2616022977501196       1.3926887694731236       
2454247.0349             2.92                     1.8067650649710938       
2454248.12638            0.29                     2.228542124349459        
2454249.97027            -2.41                    1.797804216259379        
2454251.01231            0.51                     1.517926216915697        
2454251.97399            -5.27                    1.76207264322445         
2454256.0055030733       -1.0651233571593268      1.26673099926029         
2454277.9148400007       4.97                     2.08                     
2454278.97111            -2.32                    2.1633538776631065       
2454285.9759599157       -1.385179957657022       1.5215502995444332       
2454294.9880200005       -1.17                    1.6823792675850473       
2454304.9605899993       -2.5999999999999996      1.9150979087242512       
2454305.96227            -0.43                    1.8067650649710938       
2454306.93872            2.1                      1.8788294228055935       
2454307.98903            2.67                     1.6648123017325407       
2454308.95786            2.66                     1.9060167890131503       
2454309.9541099994       1.53                     1.7088300090997934       
2454310.94662            4.82                     1.6823792675850473       
2454311.94464            0.91                     1.595117550527233        
2454312.94022            2.9999999999999996       1.621141573089778        
2454313.93723            -0.54                    1.797804216259379        
2454314.97792            -3.3100000000000005      1.7799157283422158       
2454335.8535293075       2.5652157268494564       1.2667678706359466       
2454336.88714            4.64                     1.5864740779476987       
2454337.83452            3.27                     1.735396208362805        
2454338.8803400006       2.7200000000000006       1.5692354826475217       
2454343.81304            -1.97                    1.595117550527233        
2454344.93705            -5.49                    1.76207264322445         
2454396.7093199994       7.07                     1.6560495161679194       
2454397.7109399997       4.209999999999999        1.621141573089778        
2454399.73488            -2.01                    2.0155644370746373       
2454633.89999            5.070000000000001        1.7709884245810306       
2454717.75225            -0.75                    1.8337120820892248       
2454718.75463            1.6                      1.6823792675850473       
2454719.77178            1.28                     1.6911830178901395       
2454723.75848            0.06                     1.4756693396557374       
2454724.7641300005       0.7400000000000001       1.7799157283422158       
2454930.0562             3.28                     1.9332873557751316       
2455463.8272933555       -4.693848148483396       1.0845335337454367       
2455607.13942            3.88                     1.75316856006489         
2455608.1255             1.5399999999999998       1.6560495161679194       
2455609.16581            4.1                      1.76207264322445         
2455614.1595399994       -2.51                    1.7265283084849783       
2455634.09232            -5.45                    1.5864740779476987       
2455635.11458            -2.53                    1.6298466185503468       
2455636.1504300004       -4.330000000000001       1.5264337522473748       
2455637.1206             -4.94                    1.6911830178901395       
2455638.0751             -4.469999999999999       1.5349592828475942       
2455665.02443            -1.11                    1.552063143045411        
2455668.0309000006       -3.89                    1.7                      
2455670.0516700004       -2.69                    1.7799157283422158       
2455671.06971            -2.37                    1.5778466338652817       
2455671.9960000003       -0.99                    1.552063143045411        
2455672.97787            1.34                     1.64730082255792         
2455673.96678            -0.11                    1.6298466185503468       
2455697.12781            -0.56                    1.5778466338652817       
2455697.88552            2.02                     1.6560495161679194       
2455699.88262            0.8900000000000001       1.6823792675850473       
2455704.86933            1.92                     1.621141573089778        
2455705.86311            1.39                     1.4672763884149433       
2455706.8537599994       4.04                     1.6124515496597098       
2455707.8637299994       7.789999999999999        1.942395428330699        
2455720.02477            0.44                     1.6560495161679194       
2455723.02287            -1.5800000000000003      1.717672844286711        
2455723.87029            -0.29                    1.6385664466233891       
2455726.94425            1.47                     1.6037767924496227       
2455733.8342600004       -3.2400000000000007      1.7                      
2455734.88248            3.5099999999999993       1.5435025105259792       
2455735.8499300005       4.160000000000001        1.4925146565444511       
2455749.97873            1.97                     1.788854381999832        
2455751.77095            0.44                     1.7088300090997934       
2455752.7645             3.4499999999999997       1.7265283084849783       
2455759.7703699996       3.6299999999999994       1.6124515496597098       
2455760.76052            4.79                     1.552063143045411        
2455761.79157            6.04                     1.6648123017325407       
2455762.8327100007       4.440000000000001        1.4925146565444511       
2455763.77752            2.04                     1.7088300090997934       
2455768.75479            -0.36                    1.4672763884149433       
2455769.76487            2.69                     1.517926216915697        
2455770.7719             5.87                     1.6298466185503468       
2455781.75977            -0.24                    1.552063143045411        
2455787.8874             5.64                     1.7709884245810306       
2455788.91751            3.5899999999999994       1.797804216259379        
2455789.7808600003       0.18000000000000002      1.7                      
2455790.84818            3.12                     1.5864740779476987       
2455791.90215            2.99                     1.735396208362805        
2455792.8542199996       4.39                     1.5606408939919525       
2455793.7298499993       1.85                     1.595117550527233        
2455794.78554            3.2800000000000002       1.735396208362805        
2455795.8883099994       5.789999999999999        1.5349592828475942       
2455796.7330199997       1.21                     1.595117550527233        
2455797.7453900003       2.8700000000000006       1.4339107364128354       
2455798.8456299994       7.309999999999999        1.6124515496597098       
2455806.80618            -1.31                    1.9789138435010252       
2455808.81412            0.22000000000000003      1.9789138435010252       
2455809.8823             -0.34                    1.6648123017325407       
2455810.8890899997       2.31                     1.4756693396557374       
2455811.8329200004       0.44                     1.4339107364128354       
2455814.7225             -0.74                    1.4672763884149433       
2455824.75763            1.27                     1.797804216259379        
2455839.74705            -0.04                    1.6298466185503468       
2455841.77226            0.23                     1.8067650649710938       
2455843.70702            0.0                      1.621141573089778        
2455850.7130200006       1.21                     1.6735889578985637       
2455851.70715            2.42                     1.5864740779476987       
2455992.15676            0.77                     1.6735889578985637       
2455995.1140199997       -0.32999999999999996     1.9332873557751316       
2456000.09182            -2.47                    1.6823792675850473       
2456019.00553            1.28                     2.1447843714462302       
2456020.0085             4.44                     1.7709884245810306       
2456073.86262            5.720000000000001        1.7799157283422158       
2456114.7638249          -4.521045106170127       1.299694468217218        
2456166.73653            3.9800000000000004       2.08                     
2456195.73666            2.38                     1.6823792675850473       
2456473.78591            0.4600000000000001       1.8247191564731269       
2456506.75994            0.07                     1.40089257261219         
